%YAML:1.0
---
calibration_time: "Tue Mar  2 17:20:52 2021"
nframes: 10
image_width: 640
image_height: 480
board_width: 8
board_height: 5
square_size: 1.9999999552965164e-02
flags: 0
camera_matrix: !!opencv-matrix
   rows: 3
   cols: 3
   dt: d
   data: [ 8.1981709954423752e+02, 0., 3.6723193562655081e+02, 0.,
       8.3742937407006889e+02, 1.1743984742783766e+02, 0., 0., 1. ]
distortion_coefficients: !!opencv-matrix
   rows: 5
   cols: 1
   dt: d
   data: [ 1.3105549876167716e-03, 5.2537228834084487e-02,
       -5.1438286172434670e-02, 1.8839543723759091e-02, 0. ]
avg_reprojection_error: 7.6012104477259124e-01
per_view_reprojection_errors: !!opencv-matrix
   rows: 10
   cols: 1
   dt: f
   data: [ 4.07653093e-01, 4.61534828e-01, 4.15323764e-01,
       1.76708436e+00, 9.10772085e-01, 7.56280959e-01, 3.25397253e-01,
       5.25034487e-01, 5.04821897e-01, 2.56334573e-01 ]
extrinsic_parameters: !!opencv-matrix
   rows: 10
   cols: 6
   dt: d
   data: [ -4.0641787590143713e-01, 1.5686880530773153e-01,
       1.5625451348302763e+00, 1.0374263453758255e-01,
       6.6294017006904446e-02, 5.1789764323160836e-01,
       -4.5445133248705771e-01, 1.6266004236215970e-01,
       1.5529380770513388e+00, 1.1401087728570942e-01,
       5.9235907865403385e-02, 5.2775234515475611e-01,
       -3.9139118477954421e-01, 2.2752225121273376e-01,
       1.5324873531971512e+00, 1.2450275142191558e-01,
       5.6215643215473961e-02, 5.2921235303683312e-01,
       -1.0039924990783555e+00, -5.6172977473993857e-01,
       1.5021269502236232e+00, 7.0278009688801921e-02,
       4.4935469563272427e-02, 4.9607044653399957e-01,
       1.6356389714083011e-01, 7.1513100666750784e-01,
       1.5743381598155999e+00, 1.1797071458602751e-01,
       4.7496163862562418e-02, 4.5575966349770247e-01,
       1.1958891737410747e-01, 7.0211228103826540e-01,
       1.5598486816819579e+00, 1.3172377525977269e-01,
       4.1536553685676957e-02, 4.6384174924919269e-01,
       -3.7195810910010546e-01, 2.9182239952747269e-01,
       1.6945160332172953e+00, 1.3130121340701653e-01,
       5.6430057423428111e-02, 5.0772159014644558e-01,
       -7.2729312543160685e-01, -3.3961255324684005e-02,
       1.7118644065906667e+00, 6.7004116300048100e-02,
       5.6735162910938212e-02, 5.2014272701876640e-01,
       -7.1789636013789526e-01, 2.7274614007136475e-02,
       1.7224686490778753e+00, 8.4444716596547162e-02,
       6.1413738096942144e-02, 5.2848789068199031e-01,
       -2.4395133428144317e-01, 3.8304583276519155e-01,
       1.8890020479675491e+00, 1.1300815386878045e-01,
       5.5803519853574429e-02, 4.9706949223622399e-01 ]
image_points: !!opencv-matrix
   rows: 10
   cols: 40
   dt: "2f"
   data: [ 5.31756287e+02, 2.21601624e+02, 5.33756348e+02,
       2.52589951e+02, 5.36163330e+02, 2.83933594e+02, 5.38319275e+02,
       3.15983734e+02, 5.40703491e+02, 3.48475891e+02, 5.43079407e+02,
       3.81486877e+02, 5.46516724e+02, 4.15077759e+02, 5.50304565e+02,
       4.49322327e+02, 5.00928528e+02, 2.21257843e+02, 5.02860107e+02,
       2.52318863e+02, 5.04924255e+02, 2.83820679e+02, 5.07307373e+02,
       3.15792145e+02, 5.08844849e+02, 3.48531464e+02, 5.11253632e+02,
       3.81682983e+02, 5.13799377e+02, 4.15432953e+02, 5.17362976e+02,
       4.49903381e+02, 4.69807495e+02, 2.20920471e+02, 4.71581787e+02,
       2.52124481e+02, 4.73730499e+02, 2.83523376e+02, 4.75385773e+02,
       3.15699921e+02, 4.76805878e+02, 3.48688416e+02, 4.78542206e+02,
       3.81911499e+02, 4.81300964e+02, 4.15871857e+02, 4.83912872e+02,
       4.50461609e+02, 4.38323273e+02, 2.20754761e+02, 4.40254242e+02,
       2.51649368e+02, 4.41750946e+02, 2.83557709e+02, 4.43429077e+02,
       3.15749634e+02, 4.44381836e+02, 3.48737762e+02, 4.46213623e+02,
       3.82328949e+02, 4.48025635e+02, 4.16304260e+02, 4.50488678e+02,
       4.51106476e+02, 4.06659302e+02, 2.20588181e+02, 4.07963440e+02,
       2.51906601e+02, 4.09583191e+02, 2.83363312e+02, 4.10759583e+02,
       3.15776154e+02, 4.11736176e+02, 3.48979736e+02, 4.12887238e+02,
       3.82521637e+02, 4.14631775e+02, 4.16696136e+02, 4.16279633e+02,
       4.51592072e+02, 5.45202881e+02, 2.08476425e+02, 5.47783447e+02,
       2.38695663e+02, 5.50580750e+02, 2.69324005e+02, 5.53521667e+02,
       3.00714233e+02, 5.56768433e+02, 3.32560059e+02, 5.59856628e+02,
       3.64961792e+02, 5.64273926e+02, 3.97953400e+02, 5.68893127e+02,
       4.31527588e+02, 5.15112061e+02, 2.08148987e+02, 5.17718994e+02,
       2.38432419e+02, 5.20444153e+02, 2.69270111e+02, 5.23450195e+02,
       3.00545471e+02, 5.25668518e+02, 3.32607239e+02, 5.28714783e+02,
       3.65421356e+02, 5.32341125e+02, 3.98531708e+02, 5.36623596e+02,
       4.32430542e+02, 4.84709412e+02, 2.07760681e+02, 4.87166321e+02,
       2.38285248e+02, 4.89939362e+02, 2.68839905e+02, 4.92261597e+02,
       3.00500061e+02, 4.94413544e+02, 3.32901764e+02, 4.96728394e+02,
       3.65636597e+02, 5.00428314e+02, 3.98950317e+02, 5.03882416e+02,
       4.33120789e+02, 4.53840515e+02, 2.07628021e+02, 4.56461639e+02,
       2.37694260e+02, 4.58604553e+02, 2.68908234e+02, 4.60885071e+02,
       3.00553253e+02, 4.62497406e+02, 3.33188995e+02, 4.64958801e+02,
       3.66178345e+02, 4.67627625e+02, 3.99545593e+02, 4.70883728e+02,
       4.33854218e+02, 4.22900818e+02, 2.07455521e+02, 4.24708771e+02,
       2.38188705e+02, 4.27147980e+02, 2.68681641e+02, 4.28847137e+02,
       3.00631042e+02, 4.30429352e+02, 3.33438812e+02, 4.32300629e+02,
       3.66474152e+02, 4.34723267e+02, 4.00285065e+02, 4.37135101e+02,
       4.34725647e+02, 5.61219360e+02, 2.03208527e+02, 5.64446960e+02,
       2.33380814e+02, 5.67739319e+02, 2.64075043e+02, 5.71192078e+02,
       2.95377563e+02, 5.74885742e+02, 3.27166321e+02, 5.78424561e+02,
       3.59488800e+02, 5.83140625e+02, 3.92265350e+02, 5.87867065e+02,
       4.25609802e+02, 5.30281921e+02, 2.03667191e+02, 5.33572266e+02,
       2.33944519e+02, 5.36597412e+02, 2.64767548e+02, 5.40207703e+02,
       2.95825165e+02, 5.42826111e+02, 3.27793304e+02, 5.46438782e+02,
       3.60355469e+02, 5.50313110e+02, 3.93194458e+02, 5.54889282e+02,
       4.26724670e+02, 4.99351410e+02, 2.04466354e+02, 5.02163361e+02,
       2.34628479e+02, 5.05400299e+02, 2.65219757e+02, 5.08148041e+02,
       2.96502258e+02, 5.10841858e+02, 3.28719513e+02, 5.13745422e+02,
       3.61173065e+02, 5.17799561e+02, 3.93978912e+02, 5.21439453e+02,
       4.27667175e+02, 4.68063812e+02, 2.05309784e+02, 4.71005066e+02,
       2.35204407e+02, 4.73621643e+02, 2.66135284e+02, 4.76453461e+02,
       2.97375092e+02, 4.78578644e+02, 3.29520325e+02, 4.81551086e+02,
       3.62115662e+02, 4.84562744e+02, 3.94873474e+02, 4.88069275e+02,
       4.28744110e+02, 4.36977814e+02, 2.05872208e+02, 4.39296051e+02,
       2.36421921e+02, 4.41867188e+02, 2.66599182e+02, 4.44213531e+02,
       2.98180756e+02, 4.46391022e+02, 3.30412506e+02, 4.48632141e+02,
       3.62832947e+02, 4.51606293e+02, 3.96031738e+02, 4.54304321e+02,
       4.29735474e+02, 4.84115936e+02, 1.91586090e+02, 4.85557709e+02,
       2.24415604e+02, 4.90915070e+02, 2.57976257e+02, 4.89802521e+02,
       2.90744293e+02, 4.92494263e+02, 3.24344330e+02, 4.96187897e+02,
       3.58295410e+02, 5.02289948e+02, 3.92419220e+02, 5.08396729e+02,
       4.27136963e+02, 4.69773743e+02, 1.87402420e+02, 4.71744873e+02,
       2.21252457e+02, 4.73839935e+02, 2.55459991e+02, 4.75489136e+02,
       2.89795776e+02, 4.77611847e+02, 3.24664276e+02, 4.81498260e+02,
       3.59752167e+02, 4.88158386e+02, 3.95156525e+02, 4.92858154e+02,
       4.31202209e+02, 4.54309204e+02, 1.82974976e+02, 4.56516327e+02,
       2.17968674e+02, 4.59501678e+02, 2.53269409e+02, 4.60391388e+02,
       2.89069916e+02, 4.61893280e+02, 3.25178314e+02, 4.65337402e+02,
       3.61465698e+02, 4.72358093e+02, 3.98063202e+02, 4.77728424e+02,
       4.35444946e+02, 4.37051239e+02, 1.78228775e+02, 4.40393372e+02,
       2.14407242e+02, 4.42745819e+02, 2.51069443e+02, 4.43584076e+02,
       2.88150757e+02, 4.44853760e+02, 3.25529358e+02, 4.48385620e+02,
